357
1006
369
1003
358
317
198
3116
29
898
53
1147
811
568
721
482
60
145
134
145
380
42
30
56
36
154
548
25
36
21
114
69
371
59
155
64
22
30
32
180
124
148
71
77
110
12
27
292
385
26
51
51
69
208
135
144
140
23
54
88
79
84
67
138
15
170
168
2240
363
54
56
2061
39
77
142
174
313
172
114
54
37
154
348
217
61
642
719
219
88
567
94
969
137
28
82
62
26
14
62
66
62
34
21
67
247
167
197
122
155
141
119
120
103
155
101
138
133
110
32
70
81
127
96
79
95
89
88
41
89
82
125
70
26
534
51
46
53
122
62
73
114
99
95
119
679
20
86
90
898
491
210
1714
21
616
225
350
28
79
64
84
351
51
268
163
